Best Parameters:
max_depth: 6
n_estimators: 150
learning_rate: 0.15

Test Accuracy: 0.9924
Test F1 Score: 0.9941
Test AUC: 0.9973
Training Time: 43.16 min

 stage  max_depth  n_estimators  learning_rate  val_auc  val_acc  train_time_min
     1          4           100           0.10 0.997149 0.992130       23.160001
     1          5           100           0.10 0.997171 0.992177       26.933895
     1          6           100           0.10 0.997283 0.992375       31.005552
     2          6            50           0.10 0.997191 0.992224       17.401976
     2          6           100           0.10 0.997283 0.992375       32.289443
     2          6           150           0.10 0.997307 0.992398       45.419093
     3          6           150           0.05 0.997224 0.992203       47.533860
     3          6           150           0.10 0.997307 0.992398       44.061979
     3          6           150           0.15 0.997317 0.992408       42.305222